Species   Tc [K]  Pc [MPa] omega [-]  M [g/mol]  Vc [m3/mol] Vd
H	       190.82  31.013	0.0000	   1.00800	  1.7069e-05  2.310
H2	       33.180  1.3000  -0.2160     2.01590    6.4935e-05  6.120
C	       93.962  3.5450   0.0000	   12.0110	  7.1072e-05  15.90
CH         105.28  6.8511   0.0000     13.0190    4.1204e-05  18.21
CH2	       189.50  4.6739   0.0000     14.0270	  1.0871e-04  20.52      
CH2(S)     189.50  4.6739   0.0000     14.0270    1.0871e-04  20.52
CH3	       189.50  4.6739	0.0000	   15.0350	  1.0871e-04  22.82	
O	       105.28  7.0880	0.0000     15.9990	  4.1204e-05  6.110
CH4        190.60  4.6100   0.0110     16.0430    9.8600e-05  25.14
OH	       105.28  7.0880	0.0000	   17.0070	  4.1204e-05  8.420	
H2O        647.10  22.064   0.3440     18.0150    5.5865e-05  13.10
CO	       134.45  3.4987	0.0497	   28.0000	  9.0090e-05  22.01
C2H		   275.04  5.4009   0.0000     25.0300    1.3655e-04  20.52	
C2H2	   308.30  6.1380	0.1900     26.0380	  1.1200E-04  36.42 
C2H3	   275.04  5.4009	0.0000	   27.0460    1.3655e-04  38.73 
N2         126.20  3.3958   0.0372     28.0130    8.9414e-05  18.50
C2H4	   282.50  5.0600	0.0866	   28.0540	  1.3100E-04  41.04	
HCO	       655.37  19.167   0.0000     29.0188	  9.1670e-05  24.32
C2H5	   332.02  5.6439	0.0000     29.0620	  1.5774e-04  43.35	
C2H6	   305.32  4.9000	0.0990	   30.0070	  1.4700E-04  45.66
CH2O	   655.37  19.170	0.0000     30.0310    9.1670e-05  26.63
CH3O	   548.77  14.782	0.0000     31.0340	  9.9546e-05  28.94
CH2OH	   548.77  14.782	0.0000     31.0340	  9.9546e-05  28.94
O2         154.58  5.0430   0.0222     31.9990    7.3529e-05  16.30
CH3OH	   634.05  17.999	0.0000     32.0420	  9.4456e-05  0.000 
HO2	       141.34  4.7860	0.0000     33.0067	  8.1926e-05  14.53	
H2O2       141.34  4.7860   0.0000     34.0150    8.1926e-05  22.42
AR	       150.86  4.8630	0.0010	   39.9480	  7.4999e-05  0.000	
HCCO	   197.40  17.098	0.0000	   41.0290	  3.0957E-05  0.000
CH2CO	   573.77  12.410	0.0000	   42.0370	  1.2397e-04  0.000
HCCOH      573.77  12.410	0.0000	   42.0370	  1.2397e-04  0.000
CO2	       304.18  7.3800	0.2239	   44.0000	  9.4339e-05  28.12
CH3O2	   634.05  18.010	0.0000     47.0330	  9.4456e-05  0.000
CH3O2H     634.05  18.010   0.0000     48.0410    9.4456e-05  0.000
C2H5O      619.31  9.7726   0.0000     45.0610    1.6992e-04  0.000
C2H5O2     619.31  9.7726   0.0000     61.0600    1.6992e-04  0.000  
C2H5O2H    619.31  9.7726   0.0000     62.0680    1.6992e-04  0.000

	

	
		




		


	



		

		

 








