NumberOfSpecies:
37
NamesOfSpecies:
H2 H O O2 OH H2O HO2 H2O2 C CH CH2 CH2(S) CH3 CH4 CO CO2 HCO CH2O CH2OH CH3O 
CH3OH C2H C2H2 C2H3 C2H4 C2H5 C2H6 HCCO CH2CO HCCOH CH3O2 CH3O2H C2H5O C2H5O2 C2H5O2H AR N2 
NASA-coefficients:
3.337279199999999779e+00 -4.940247309999999778e-05 4.994567779999999593e-07 -1.795663940000000057e-10 2.002553759999999964e-14 -9.501589219999999614e+02 -3.205023310000000070e+00 2.344331120000000102e+00 7.980520749999999233e-03 -1.947815099999999856e-05 2.015720940000000035e-08 -7.376117610000000597e-12 -9.179351729999999634e+02 6.830102380000000473e-01 2.000000000000000000e+02 3.500000000000000000e+03 1.000000000000000000e+03 2.016000032424925870e+00
2.500000009999999939e+00 -2.308429729999999854e-11 1.615619480000000105e-14 -4.735152350000000269e-18 4.981973570000000163e-22 2.547365989999999874e+04 -4.466829139999999865e-01 2.500000000000000000e+00 7.053328189999999881e-13 -1.995919639999999965e-15 2.300816319999999866e-18 -9.277323320000000578e-22 2.547365989999999874e+04 -4.466828529999999908e-01 2.000000000000000000e+02 3.500000000000000000e+03 1.000000000000000000e+03 1.008000016212462935e+00
2.569420780000000182e+00 -8.597411370000000426e-05 4.194845890000000184e-08 -1.001777989999999929e-11 1.228336909999999923e-15 2.921757909999999902e+04 4.784338639999999643e+00 3.168267100000000003e+00 -3.279318839999999929e-03 6.643063959999999683e-06 -6.128066240000000119e-09 2.112659709999999920e-12 2.912225920000000042e+04 2.051933459999999876e+00 2.000000000000000000e+02 3.500000000000000000e+03 1.000000000000000000e+03 1.599899959564208984e+01
3.282537839999999818e+00 1.483087539999999914e-03 -7.579666689999999907e-07 2.094705549999999923e-10 -2.167177939999999902e-14 -1.088457720000000108e+03 5.453231289999999731e+00 3.782456359999999851e+00 -2.996734159999999824e-03 9.847302010000000025e-06 -9.681295090000000727e-09 3.243728369999999981e-12 -1.063943559999999934e+03 3.657675729999999792e+00 2.000000000000000000e+02 3.500000000000000000e+03 1.000000000000000000e+03 3.199799919128417969e+01
3.092887670000000089e+00 5.484297159999999751e-04 1.265052279999999869e-07 -8.794615559999999478e-11 1.174123760000000029e-14 3.858657000000000153e+03 4.476696099999999845e+00 3.992015429999999920e+00 -2.401317520000000125e-03 4.617938409999999649e-06 -3.881133329999999962e-09 1.364114700000000018e-12 3.615080559999999878e+03 -1.039254579999999983e-01 2.000000000000000000e+02 3.500000000000000000e+03 1.000000000000000000e+03 1.700699961185455322e+01
3.033992490000000153e+00 2.176918040000000183e-03 -1.640725179999999881e-07 -9.704198699999999844e-11 1.682009919999999907e-14 -3.000429709999999977e+04 4.966770099999999744e+00 4.198640560000000299e+00 -2.036434100000000195e-03 6.520402109999999681e-06 -5.487970620000000304e-09 1.771978170000000002e-12 -3.029372669999999925e+04 -8.490322080000000105e-01 2.000000000000000000e+02 3.500000000000000000e+03 1.000000000000000000e+03 1.801499962806701660e+01
4.017210900000000251e+00 2.239820129999999920e-03 -6.336581499999999836e-07 1.142463700000000045e-10 -1.079085349999999997e-14 1.118567129999999992e+02 3.785102150000000165e+00 4.301798009999999728e+00 -4.749120509999999601e-03 2.115828909999999851e-05 -2.427638940000000018e-08 9.292251240000000345e-12 2.948080400000000054e+02 3.716662449999999840e+00 2.000000000000000000e+02 3.500000000000000000e+03 1.000000000000000000e+03 3.300599920749664307e+01
4.165002849999999590e+00 4.908316939999999955e-03 -1.901392249999999964e-06 3.711859859999999833e-10 -2.879083050000000157e-14 -1.786178770000000077e+04 2.916156620000000199e+00 4.276112689999999716e+00 -5.428224169999999477e-04 1.673357010000000141e-05 -2.157708129999999969e-08 8.624543629999999837e-12 -1.770258209999999963e+04 3.435050739999999880e+00 2.000000000000000000e+02 3.500000000000000000e+03 1.000000000000000000e+03 3.401399922370910645e+01
2.492668880000000087e+00 4.798892840000000028e-05 -7.243350200000000533e-08 3.742910290000000261e-11 -4.872778929999999670e-15 8.545129529999999795e+04 4.801503730000000303e+00 2.554239550000000136e+00 -3.215377239999999749e-04 7.337922449999999992e-07 -7.322348889999999863e-10 2.665214460000000141e-13 8.544388319999999658e+04 4.531308479999999861e+00 2.000000000000000000e+02 3.500000000000000000e+03 1.000000000000000000e+03 1.201099967956542969e+01
2.878464730000000138e+00 9.709136809999999954e-04 1.444456549999999878e-07 -1.306878490000000087e-10 1.760793829999999904e-14 7.101243640000000596e+04 5.484979990000000249e+00 3.489816649999999854e+00 3.238355410000000258e-04 -1.688990650000000014e-06 3.162173269999999936e-09 -1.406090670000000063e-12 7.079729339999999502e+04 2.084011079999999794e+00 2.000000000000000000e+02 3.500000000000000000e+03 1.000000000000000000e+03 1.301899969577789307e+01
2.874101130000000115e+00 3.656392919999999856e-03 -1.408945970000000072e-06 2.601795489999999917e-10 -1.877275670000000077e-14 4.626360399999999936e+04 6.171193240000000024e+00 3.762678670000000114e+00 9.688721430000000415e-04 2.794898410000000075e-06 -3.850911530000000293e-09 1.687417190000000007e-12 4.600404009999999835e+04 1.562531850000000055e+00 2.000000000000000000e+02 3.500000000000000000e+03 1.000000000000000000e+03 1.402699971199035645e+01
2.292038419999999910e+00 4.655886369999999962e-03 -2.011919469999999857e-06 4.179060000000000249e-10 -3.397163649999999821e-14 5.092599970000000030e+04 8.626501689999999556e+00 4.198604109999999778e+00 -2.366614190000000065e-03 8.232962199999999879e-06 -6.688159810000000385e-09 1.943147370000000113e-12 5.049681629999999859e+04 -7.691189670000000422e-01 2.000000000000000000e+02 3.500000000000000000e+03 1.000000000000000000e+03 1.402699971199035645e+01
2.285717720000000064e+00 7.239900369999999891e-03 -2.987143479999999917e-06 5.956846440000000231e-10 -4.671543940000000254e-14 1.677558429999999862e+04 8.480071790000000220e+00 3.673590400000000145e+00 2.010951750000000010e-03 5.730218560000000198e-06 -6.871174250000000076e-09 2.543857340000000027e-12 1.644499880000000121e+04 1.604564330000000094e+00 2.000000000000000000e+02 3.500000000000000000e+03 1.000000000000000000e+03 1.503499972820281805e+01
7.485149500000000400e-02 1.339094669999999973e-02 -5.732858090000000004e-06 1.222925350000000001e-09 -1.018152300000000024e-13 -9.468344590000000608e+03 1.843731800000000121e+01 5.149876129999999996e+00 -1.367097880000000057e-02 4.918005989999999926e-05 -4.847430260000000165e-08 1.666939559999999911e-11 -1.024664760000000024e+04 -4.641303759999999556e+00 2.000000000000000000e+02 3.500000000000000000e+03 1.000000000000000000e+03 1.604299974441528320e+01
2.715185609999999805e+00 2.062527430000000214e-03 -9.988257710000000692e-07 2.300530080000000011e-10 -2.036477160000000029e-14 -1.415187240000000020e+04 7.818687719999999786e+00 3.579533469999999884e+00 -6.103536799999999957e-04 1.016814330000000048e-06 9.070058839999999802e-10 -9.044244990000000015e-13 -1.434408599999999933e+04 3.508409279999999963e+00 2.000000000000000000e+02 3.500000000000000000e+03 1.000000000000000000e+03 2.800999927520751953e+01
3.857460290000000125e+00 4.414370259999999754e-03 -2.214814040000000062e-06 5.234901880000000503e-10 -4.720841640000000267e-14 -4.875916599999999744e+04 2.271638059999999903e+00 2.356773519999999955e+00 8.984596770000000468e-03 -7.123562689999999835e-06 2.459190219999999805e-09 -1.436995479999999891e-13 -4.837196970000000147e+04 9.901052220000000403e+00 2.000000000000000000e+02 3.500000000000000000e+03 1.000000000000000000e+03 4.400899887084960938e+01
2.772174380000000049e+00 4.956955259999999697e-03 -2.484456129999999991e-06 5.891617780000000419e-10 -5.335087109999999891e-14 4.011918149999999969e+03 9.798344919999999902e+00 4.221185840000000411e+00 -3.243925319999999956e-03 1.377994459999999999e-05 -1.331440930000000074e-08 4.337688649999999896e-12 3.839564960000000156e+03 3.394372430000000218e+00 2.000000000000000000e+02 3.500000000000000000e+03 1.000000000000000000e+03 2.901799929141998291e+01
1.760690080000000046e+00 9.200000820000000037e-03 -4.422588129999999733e-06 1.006412119999999975e-09 -8.838556400000000602e-14 -1.399583230000000003e+04 1.365632300000000043e+01 4.793723149999999933e+00 -9.908333689999999916e-03 3.732200079999999895e-05 -3.792852609999999785e-08 1.317726519999999970e-11 -1.430895670000000064e+04 6.028128999999999849e-01 2.000000000000000000e+02 3.500000000000000000e+03 1.000000000000000000e+03 3.002599930763244629e+01
3.692665690000000112e+00 8.645767970000000843e-03 -3.751011200000000140e-06 7.872346359999999929e-10 -6.485542010000000180e-14 -3.242506269999999859e+03 5.810432149999999574e+00 3.863889180000000145e+00 5.596723040000000336e-03 5.932717909999999925e-06 -1.045320120000000064e-08 4.369672780000000130e-12 -3.193913669999999911e+03 5.473022430000000327e+00 2.000000000000000000e+02 3.500000000000000000e+03 1.000000000000000000e+03 3.103399932384490967e+01
3.770798999999999790e+00 7.871496999999999869e-03 -2.656384000000000078e-06 3.944430999999999901e-10 -2.112616000000000091e-14 1.278325200000000024e+02 2.929574999999999818e+00 2.106203999999999965e+00 7.216595000000000128e-03 5.338471999999999868e-06 -7.377635999999999730e-09 2.075609999999999877e-12 9.786010999999999740e+02 1.315217700000000001e+01 3.000000000000000000e+02 3.000000000000000000e+03 1.000000000000000000e+03 3.103399932384490967e+01
1.789707909999999957e+00 1.409382919999999963e-02 -6.365008350000000054e-06 1.381710850000000042e-09 -1.170602199999999937e-13 -2.537487470000000030e+04 1.450236229999999971e+01 5.715395820000000349e+00 -1.523091290000000084e-02 6.524411550000000005e-05 -7.108068890000000144e-08 2.613526979999999945e-11 -2.564276559999999881e+04 -1.504098230000000092e+00 2.000000000000000000e+02 3.500000000000000000e+03 1.000000000000000000e+03 3.204199934005737305e+01
3.167806520000000070e+00 4.752219020000000155e-03 -1.837870770000000072e-06 3.041902519999999760e-10 -1.772327699999999929e-14 6.712106500000000233e+04 6.635894750000000286e+00 2.889657329999999913e+00 1.340996109999999936e-02 -2.847695010000000009e-05 2.947910450000000069e-08 -1.093315109999999954e-11 6.683939320000000589e+04 6.222964379999999629e+00 2.000000000000000000e+02 3.500000000000000000e+03 1.000000000000000000e+03 2.502999937534332275e+01
4.147569640000000391e+00 5.961666640000000059e-03 -2.372948520000000008e-06 4.674121710000000365e-10 -3.612352130000000186e-14 2.593599919999999838e+04 -1.230281210000000014e+00 8.086810939999999892e-01 2.336156290000000052e-02 -3.551718149999999875e-05 2.801524369999999966e-08 -8.500729739999999636e-12 2.642898070000000007e+04 1.393970509999999940e+01 2.000000000000000000e+02 3.500000000000000000e+03 1.000000000000000000e+03 2.603799939155578613e+01
3.016723999999999961e+00 1.033022920000000074e-02 -4.680823489999999593e-06 1.017632879999999936e-09 -8.626070409999999931e-14 3.461287389999999868e+04 7.787323780000000362e+00 3.212466449999999973e+00 1.514791620000000049e-03 2.592094119999999982e-05 -3.576578469999999997e-08 1.471508729999999971e-11 3.485984679999999935e+04 8.510540250000000029e+00 2.000000000000000000e+02 3.500000000000000000e+03 1.000000000000000000e+03 2.704599940776824951e+01
2.036111159999999920e+00 1.464541509999999977e-02 -6.710779150000000155e-06 1.472229230000000077e-09 -1.257060609999999976e-13 4.939886139999999614e+03 1.030536930000000062e+01 3.959201479999999940e+00 -7.570522470000000392e-03 5.709902919999999918e-05 -6.915887529999999905e-08 2.698843730000000133e-11 5.089775929999999789e+03 4.097330959999999855e+00 2.000000000000000000e+02 3.500000000000000000e+03 1.000000000000000000e+03 2.805399942398071289e+01
1.954656420000000061e+00 1.739727220000000102e-02 -7.982066679999999610e-06 1.752176890000000045e-09 -1.496415760000000005e-13 1.285752000000000044e+04 1.346243429999999996e+01 4.306465679999999630e+00 -4.186588920000000429e-03 4.971428069999999922e-05 -5.991266059999999625e-08 2.305090040000000009e-11 1.284162650000000031e+04 4.707209240000000072e+00 2.000000000000000000e+02 3.500000000000000000e+03 1.000000000000000000e+03 2.906199944019317627e+01
1.071881499999999932e+00 2.168526770000000006e-02 -1.002560670000000036e-05 2.214120010000000046e-09 -1.900028899999999954e-13 -1.142639320000000043e+04 1.511561069999999951e+01 4.291424919999999865e+00 -5.501542699999999696e-03 5.994382880000000309e-05 -7.084662850000000140e-08 2.686857709999999934e-11 -1.152220550000000003e+04 2.666823159999999859e+00 2.000000000000000000e+02 3.500000000000000000e+03 1.000000000000000000e+03 3.006999945640563610e+01
5.628205799999999925e+00 4.085340100000000273e-03 -1.593454700000000073e-06 2.862605199999999920e-10 -1.940783199999999852e-14 1.932721500000000015e+04 -3.930259500000000017e+00 2.251721400000000095e+00 1.765502099999999991e-02 -2.372910099999999892e-05 1.727575900000000124e-08 -5.066481100000000267e-12 2.005944900000000052e+04 1.249041700000000077e+01 3.000000000000000000e+02 4.000000000000000000e+03 1.000000000000000000e+03 4.102899897098541260e+01
4.511297319999999722e+00 9.003597449999999405e-03 -4.169396349999999941e-06 9.233458819999999583e-10 -7.948382009999999630e-14 -7.551053109999999833e+03 6.322472049999999788e-01 2.135836299999999799e+00 1.811887209999999901e-02 -1.739474739999999966e-05 9.343975680000000016e-09 -2.014576149999999882e-12 -7.042918039999999564e+03 1.221564799999999984e+01 2.000000000000000000e+02 3.500000000000000000e+03 1.000000000000000000e+03 4.203699898719787598e+01
5.923829099999999848e+00 6.792359999999999891e-03 -2.565856400000000098e-06 4.498784100000000014e-10 -2.994010099999999737e-14 7.264626000000000204e+03 -7.601774200000000370e+00 1.242373299999999903e+00 3.107220100000000068e-02 -5.086686400000000067e-05 4.313713100000000312e-08 -1.401459399999999944e-11 8.031614300000000185e+03 1.387431899999999985e+01 3.000000000000000000e+02 5.000000000000000000e+03 1.000000000000000000e+03 4.203699898719787598e+01
5.957878909999999806e+00 7.907286260000000178e-03 -2.682462339999999912e-06 4.138913369999999947e-10 -2.390073299999999843e-14 -1.535748379999999997e+03 -4.719638859999999880e+00 4.261469059999999587e+00 1.008735990000000048e-02 -3.215061839999999996e-06 2.094092670000000007e-10 4.183391030000000291e-14 -6.843942590000000337e+02 5.163303199999999649e+00 3.000000000000000000e+02 5.000000000000000000e+03 1.385000000000000000e+03 4.703299891948699951e+01
8.431170910000000518e+00 8.068179090000000483e-03 -2.770949210000000013e-06 4.313322429999999814e-10 -2.506921460000000012e-14 -1.966787710000000152e+04 -1.911706290000000052e+01 3.234428170000000158e+00 1.901297669999999981e-02 -1.133862869999999967e-05 3.403066529999999965e-09 -4.118302219999999960e-13 -1.771979260000000068e+04 9.256239490000000458e+00 3.000000000000000000e+02 5.000000000000000000e+03 1.390000000000000000e+03 4.804099893569946289e+01
7.873397719999999822e+00 1.130729070000000003e-02 -3.844214210000000062e-06 5.944141050000000035e-10 -3.438945380000000279e-14 -6.072749530000000050e+03 -1.734167899999999918e+01 4.944207079999999865e-01 2.717744340000000092e-02 -1.659090100000000008e-05 5.152041999999999733e-09 -6.484969149999999694e-13 -3.352529250000000047e+03 2.280793780000000126e+01 3.000000000000000000e+02 5.000000000000000000e+03 1.389000000000000000e+03 4.506099903583526611e+01
9.486960229999999328e+00 1.244725449999999935e-02 -4.321615759999999835e-06 6.775830330000000394e-10 -3.957845680000000039e-14 -7.824817949999999655e+03 -2.306130200000000130e+01 2.268461879999999820e+00 2.769425780000000017e-02 -1.708041060000000031e-05 5.879518780000000335e-09 -9.208990689999999027e-13 -5.038807579999999689e+03 1.647739719999999863e+01 3.000000000000000000e+02 5.000000000000000000e+03 1.382000000000000000e+03 6.105999863147735596e+01
1.194429919999999967e+01 1.262715969999999958e-02 -4.417767549999999681e-06 6.963273530000000304e-10 -4.082689610000000153e-14 -2.574086339999999836e+04 -3.733823939999999908e+01 1.299702939999999973e+00 3.654884199999999805e-02 -2.528088749999999962e-05 9.197468029999999376e-09 -1.413622329999999960e-12 -2.188666470000000118e+04 2.027190780000000103e+01 3.000000000000000000e+02 5.000000000000000000e+03 1.383000000000000000e+03 6.206799864768981934e+01
2.500000000000000000e+00 0.000000000000000000e+00 0.000000000000000000e+00 0.000000000000000000e+00 0.000000000000000000e+00 -7.453750000000000000e+02 4.365999999999999659e+00 2.500000000000000000e+00 0.000000000000000000e+00 0.000000000000000000e+00 0.000000000000000000e+00 0.000000000000000000e+00 -7.453750000000000000e+02 4.365999999999999659e+00 3.000000000000000000e+02 5.000000000000000000e+03 1.000000000000000000e+03 3.994800186157227273e+01
2.926639999999999908e+00 1.487976800000000068e-03 -5.684760000000000143e-07 1.009703800000000010e-10 -6.753350999999999797e-15 -9.227976999999999634e+02 5.980527999999999622e+00 3.298677000000000081e+00 1.408240399999999976e-03 -3.963221999999999779e-06 5.641515000000000241e-09 -2.444853999999999914e-12 -1.020899900000000002e+03 3.950372000000000217e+00 3.000000000000000000e+02 5.000000000000000000e+03 1.000000000000000000e+03 2.801399993896480112e+01